99034
77240
74089
78375
99447
80903
85238
93231
79714
87872
84480
92097
76481
67477
96038
82209
95422
73594
76950
92585
97246
93220
86578
74877
92067
69981
95364
93592
75996
92729
85322
83618
77313
89606
73102
67764
78711
91737
97768
72132
72575
93814
73244
96436
90665
97519
88784
75834
68297
87776
88451
83965
70105
78296
82053
69881
77084
96347
81707
81208
91021
73106
78480
77629
76709
84082
68790
82581
72415
96227
94015
74896
90786
91742
78513
74481
75702
89447
88870
74166
97069
86691
68207
85385
67776
92674
86151
70914
97173
94501
76238
69544
87525
70920
81721
67492
67450
88504
82007
98356
70978
73501
71501
69115
82881
70451
87417
68451
69821
84118
87172
69702
85707
76478
97348
94305
98118
71709
99022
83393
87769
67759
68103
82677
93004
94197
78728
87441
95130
97868
71431
99585
90799
89436
89288
90303
73485
69926
70484
79512
91120
69043
81332
86366
85700
74923
86694
97155
76436
90099
67952
80039
87027
86331
87205
85491
96764
69704
75126
88884
93986
68355
97153
81672
71624
87393
95675
90349
74568
96150
71157
75715
93958
78415
99461
87391
90393
77088
91282
92636
72774
91790
69594
78000
73080
75405
93844
68146
84811
72876
69946
92410
78006
87064
96255
71048
73613
86362
91258
92672
68193
97178
82004
76863
74265
93637
98933
99803
85469
85412
74717
97913
77695
86742
67646
75819
71308
92835
79662
68007
91723
77272
84293
87170
91875
74766
83187
96935
99792
67943
78476
67757
85010
72657
67702
78155
71672
68504
74209
92760
87845
87203
80777
85750
99888
98503
99607
88071
74176
70627
72305
92649
76329
98391
94883
68796
99332
86278
85296
82561
86893
91366
70617
82132
96941
77607
77600
87558
86371
85865
88093
77225
76432
69681
86936
80073
74554
93239
74741
74991
80337
80084
81405
91237
74190
96251
95566
73849
67611
90143
98539
71384
97054
80186
85657
74282
92441
77014
87505
93579
74812
82604
98672
82147
95688
94398
97366
77654
85896
81092
70952
80598
87588
99353
79342
99602
67543
77017
74663
86858
75085
85042
74027
82045
94430
85352
98228
94845
92268
87581
84963
85534
92209
71490
87052
88540
78032
83642
98467
80563
99905
76926
70131
73328
69659
92712
85047
74198
92907
87338
94329
71305
70270
95369
84623
94171
85126
86154
98777
69275
81935
98212
92507
68515
81267
95294
70178
71568
97695
79298
68153
97477
83146
72555
74054
91556
96469
81789
68903
97433
78517
99099
82680
77237
82446
85976
84223
99598
92127
72805
91152
82888
87679
72717
81246
96201
70546
75618
98258
79359
78549
79884
98262
70094
82878
67777
69136
71894
87505
90373
91833
89078
70323
68814
90527
83175
88027
73026
85616
79164
92660
83779
84524
81027
82521
74647
90050
99991
93592
74139
78907
97854
68814
70658
88779
78312
68162
78642
71897
68164
85097
68677
80728
72375
88968
71256
85427
76550
94879
74127
74047
89691
98332
98786
80748
88625
83643
94472
76750
84867
89806
71468
94049
87393
70624
86431
87015
76843
92144
82461
89549
67410
73987
88979
87910
85576
78424
95637
90255
71849
68706
84302
95152
89471
94875
68295
88100
80650
89518
94183
72603
67388
92274
76046
82800
79826
81840
84704
90103
77898
92271
87669
74100
79441
74473
72407
69721
76407
85643
94044
67294
77258
72626
95434
88009
80880
81456
94775
78670
83096
96060
67914
85503
86025
76971
87934
91863
78164
85998
78614
68394
68695
96584
77903
80489
74540
82872
92876
91466
69172
67797
88656
99312
79775
94198
86754
81886
93908
71376
82193
77357
98280
68991
99240
82545
81518
71582
93554
75175
87205
79793
92476
76278
80717
86300
95483
82878
75717
94571
84117
80725
94664
81486
87006
67767
67811
89179
94071
84234
87698
84272
92931
83766
84708
78164
98967
87747
99884
74081
72155
87848
88620
88790
86768
75320
83801
87937
86086
96108
72620
96945
68997
91834
95881
95136
87536
77908
91492
86260
92051
76318
69676
74939
89287
81034
81864
81616
90524
75811
81134
69725
71615
80870
78912
73148
79885
88625
71172
94654
93655
76294
96226
91000
94334
76130
85073
81683
74532
67699
97359
78453
80795
97367
93147
67650
78690
98381
86601
71384
71133
86033
88943
82507
83433
82585
69281
80529
95988
72490
71020
86280
85309
80767
87415
89571
73388
79323
99351
69727
85721
86028
99296
95244
85132
79864
94130
82898
91940
72513
88725
80948
68274
81353
75064
90577
68779
69894
71423
97814
92042
73719
87651
89907
98022
83182
98422
71591
93543
84724
99415
71051
70983
84242
85570
70715
91634
74113
74629
94549
87084
99642
91607
94059
71823
76940
82926
94163
85369
92370
72684
85999
69340
97368
97251
87662
69775
71175
74451
83815
96623
95038
86833
87739
92330
76422
87940
83234
77353
99738
77523
84092
81299
94406
78906
89302
68299
79694
97259
78769
70019
99390
87920
80300
89531
94572
71280
72408
74723
80719
92358
69320
93413
80552
96757
84290
84460
82425
67582
72984
95055
68535
82434
77319
81935
90962
69284
95577
76421
81821
85186
96602
71433
99877
99508
91132
73898
88260
85288
98010
83023
82043
93278
91191
98777
77717
93066
91691
83381
82888
74517
72282
68860
72822
83912
94377
83045
72910
94531
78533
89069
71489
76504
69174
95486
95052
89618
87405
93380
74206
99761
97672
95356
99771
72303
78218
81767
72243
68776
80212
73213
96240
96879
96221
85484
91510
76039
96917
92072
83048
71225
72240
67557
83544
83904
68783
70918
71898
75071
84431
95903
76164
73633
86447
98599
78958
91496
96685
77840
90968
72862
89841
92675
90653
71931
85959
91672
73102
98949
99720
81115
97486
85570
76897
88078
73361
98360
69499
70179
76389
91037
83696
98480
74307
71296
73615
93076
93289
79290
76465
98065
82890
87801
76383
81911
91487
72907
72143
84637
76800
90953
78557
76356
83078
86435
72652
71334
83343
81681
90754
67897
90300
74625
70169
79375
86642
99339
86608
69321
74202
70232
69174
67719
68639
70092
86955
99947
74993
85013
83331
83552
78349
71739
67990
99156
92436
78692
82254
79171
82583
90912
99478
91540
81688
93894
68214
76740
74706
78633
82212
91500
95974
89914
86774
90068
89395
67573
71943
83550
90361
82834
97875
68818
73688
83661
95612
81323
68381
87515
90698
76635
98085
87064
88332
92397
93381
70396
98554
70258
74744
81469
86284
86541
74000
85160
84015
84956
73282
85299
92821
67807
98648
90889
94893
79817
78448
93731
84111
72413
96705
73427
99630
69330
76946
95443
98034
69758
74845
91345
85738
90385
72250
83858
69780
73279
94968
83286
82227
78667
78262
99198
86334
84676
85594
89187
95012
69065
78701
85890
72822
79512
73739
99775
97686
69919
91659
97066
75767
81521
90042
89873
76680
95201
70680
88837
78706
94758
68329
69880
82695
93219
96432
92740
67629
69636
82820
77274
97807
79004
86202
96265
75204
99237
69823
82495
81027
69731
84628
98837
82805
98042
94247
99377
97507
69123
94056
78084
96741
76803
73043
81450
85417
83051
88355
99005
99491
69833
67966
80754
88869
76492
73043
75564
75828
91555
85300
82274
78394
74318
76999
72279
85622
89174
82516
85555
98211
90473
91589
74714
80182
83690
88010
97549
91302
90767
98910
71782
81300
86207
83227
90908
94128
91416
67467
99689
99192
71912
73416
85834
89133
89963
86410
73241
76571
71456
86726
68009
86361
68336
83467
76428
85893
71005
86555
67716
93012
96605
80564
87645
74145
98930
78345
90961
79901
80000
79507
71410
98959
83392
86060
81990
83286
92589
85765
87408
68400
91087
82965
99363
74485
68183
82413
88796
79281
91603
97239
92994
70806
94175
88747
99211
69803
74526
76490
86193
70295
82693
70750
83207
97085
87642
89194
76137
94539
75332
85165
76896
89898
74062
93770
76283
83012
71409
95373
89220
68611
84511
76385
74932
87508
86495
94867
76988
71086
76592
77292
99888
83844
91896
81110
82221
71348
95138
76017
95669
82029
96103
70175
81066
90651
86210
70194
81298
97786
67244
73095
69450
70635
73096
84660
75004
68024
72834
70855
71531
79635
97745
94439
75285
92282
76625
75447
95524
81714
70913
72791
78031
85771
96261
83520
90171
72609
97717
98750
76648
82568
76406
72661
90886
94939
81330
84256
79223
92983
86965
91150
84270
82036
81129
96915
69777
71302
96892
77824
68480
74468
76863
88214
70343
72657
82839
85220
95957
72998
94598
88432
71128
98879
84591
94093
82722
92966
88913
81447
96296
95032
76022
97735
96879
99713
79806
72016
67811
81997
94078
98721
96288
78897
80530
69655
93305
68843
98053
74113
75783
99377
73847
67819
73906
81163
97159
98180
73825
95436
82145
89543
70299
73778
80202
69315
77263
96470
83978
67454
74728
87648
76398
92346
83895
73531
68220
94841
90976
72306
93664
88278
85371
91226
70795
84444
79008
79170
75858
75887
81380
82428
69858
75450
93875
73642
99633
98997
72467
77693
97481
96168
91479
78124
97215
84233
91606
88435
91012
87470
88706
84386
94334
70689
71929
82946
85786
70199
88803
79498
81167
75918
78707
80516
98641
84427
95263
96103
71033
91093
91995
96695
82212
99624
88839
76771
91548
75728
84738
95035
68469
71911
82545
96298
82645
69363
88527
84219
73596
92154
96297
89944
88239
85007
86358
76172
67317
91197
84679
78820
70095
69400
72923
72980
83992
69675
74074
82749
97710
83199
80632
81236
86948
69520
72964
74834
75548
82490
69219
97866
73061
99939
72127
93214
72231
70822
95498
71722
82084
77943
86159
70299
90498
74220
99041
88994
91064
95246
82228
69155
81968
71909
77924
82260
67756
93504
78256
77019
87314
68370
86086
88844
70001
93791
98980
75967
73618
87965
90247
93732
84572
89532
68567
69023
84312
93404
67348
78753
90014
96040
96672
89081
91531
79634
90451
91768
75806
73446
80348
80064
80999
72271
86337
85430
89370
74607
98762
78647
98684
71019
74908
85558
89563
86152
80785
88213
70785
74161
89010
86917
84142
76306
74599
89710
80209
96255
71259
84101
86340
75006
91905
93022
87798
96720
78732
79489
92621
89115
68265
73577
90814
73333
88282
74105
76164
77302
98850
77581
90237
91693
84209
77232
73372
93250
89853
83284
87504
78928
73423
81002
98909
80229
70893
94117
96194
93296
94925
85448
94902
95962
97765
79285
75308
95399
79457
69239
78398
82589
95231
87367
86848
76277
78557
83271
87210
82077
83529
73900
97958
85821
70526
78224
90222
81111
80666
92318
91516
92340
83132
89506
78081
92870
96917
70327
87620
88033
97112
83121
87755
71299
90565
91185
87253
78618
74612
97433
68098
90985
84313
69898
89385
77365
79008
87280
76940
96257
95830
68011
70919
73062
91607
95681
97138
86689
76443
72527
90627
98442
90973
93422
75234
93562
84338
73749
90850
92884
88459
98514
77394
80563
96330
91438
81422
97967
80412
75526
96287
71619
92015
75263
85707
76623
99938
76645
69186
94711
92617
71178
76043
72742
73979
72604
88334
70375
76900
81874
88576
76459
97384
75275
73318
96279
87542
97135
86674
67629
70160
75246
88352
81083
79248
72658
75864
86640
92911
77204
90874
69978
98263
77344
94997
86314
68927
98391
71486
84720
91421
78322
70501
99008
81657
81763
82511
73952
84153
73138
67336
97425
82894
98806
84198
70510
80651
75362
84919
98555
87239
71712
93900
80925
96127
96439
99604
82785
70118
92776
72325
90731
99335
68850
84307
72529
91531
75011
89376
91870
95430
78366
69318
92711
96892
90139
87760
88118
74940
81336
84810
91162
80571
68602
69765
75792
76300
68061
92758
79376
89027
67257
67482
91148
87437
76947
75976
82680
97251
85642
70826
94966
78684
73198
93118
82064
94302
76355
80162
94335
83307
96902
99346
81004
84783
93830
95376
93372
90181
83819
71095
99312
79417
80373
73311
89828
99927
77675
96264
96142
88045
79043
81518
79763
70541
84986
85477
68631
72596
87784
84856
88644
71946
99836
97092
89546
75273
80165
81819
81303
81487
67881
81987
75060
74168
78233
84015
88585
76207
90729
94471
68969
81036
70216
89274
88554
80450
95286
92787
78273
79907
72838
87723
95901
88048
99673
75443
76671
99216
93000
96589
93368
97311
89071
99779
83952
72117
93597
87088
95738
92939
72028
96582
98420
85919
99965
95525
88815
84135
75088
71840
76726
97991
84986
84585
88363
76616
88719
79586
68806
76214
77008
70267
98569
68353
87917
69256
87135
94798
85170
73364
68824
73613
95702
68287
80924
90665
95233
93408
70795
92842
88130
81168
75868
82423
77686
95805
69840
96869
75925
86147
95634
92387
83704
93335
77581
84458
77009
91641
92060
72448
81888
73436
79233
94936
78104
87564
79782
72231
78057
70724
92600
67941
88366
77719
75812
86113
90621
68495
85952
89179
88710
69162
83708
77453
82765
79821
92025
70797
83060
81370
91777
80749
69218
94349
75735
69341
76320
71691
75775
82108
71875
77372
95642
88602
86701
97446
74410
68876
86137
86827
88259
90877
81789
67737
90601
71313
85008
82184
78390
90622
